----------
2
15
17
5
2
14
16
17
1
2
14
15
17
5
2
15
16
17
1
2
15
15
17
5
2
16
----------
3
15
17
5
2
14
16
17
1
3
14
15
17
5
2
15
16
17
1
3
15
15
17
5
2
16
15
17
2
1
17
15
17
2
1
18
15
17
2
1
19
15
17
1
3
20
15
17
1
3
21
15
17
1
3
22
----------
1
15
17
5
2
14
15
17
5
2
15
15
17
5
2
16
15
17
2
1
17
15
17
2
1
18
15
17
2
1
19
----------
4
15
17
5
2
14
16
17
1
2
14
15
17
5
2
15
16
17
1
2
15
15
17
5
2
16
16
17
2
4
16
16
17
2
4
17
15
17
2
4
18
15
17
2
4
19
15
17
2
4
20
----------
5
16
17
1
2
14
16
17
1
2
15
16
17
2
5
16
16
17
2
5
17
----------
6
15
17
5
2
14
16
17
1
2
14
15
17
5
2
15
16
17
1
2
15
15
17
5
2
16
16
17
2
6
16
16
17
2
6
17
15
17
2
6
18
15
17
2
6
19
15
17
2
6
20
----------
7
15
17
5
2
14
16
17
1
3
14
15
17
5
2
15
16
17
1
3
15
15
17
5
2
16
16
17
3
7
16
16
17
3
7
17
15
17
2
1
17
15
17
2
1
18
15
17
2
1
19
15
17
1
3
20
15
17
1
3
21
15
17
1
3
22
15
17
3
7
23
15
17
3
7
24
15
17
3
7
25
----------
8
15
17
5
2
14
16
17
1
3
14
15
17
5
2
15
16
17
1
3
15
15
17
5
2
16
16
17
3
8
16
16
17
3
8
17
15
17
2
1
17
15
17
2
1
18
15
17
2
1
19
15
17
1
3
20
15
17
1
3
21
15
17
1
3
22
15
17
3
8
23
15
17
3
8
24
15
17
3
8
25
