17
1 61 88 1
2 165 87 2
3 262 93 2
4 344 89 1
5 444 89 2
6 522 91 3
7 591 92 3
8 678 100 4
9 64 256 2
10 231 241 1
11 452 257 2
12 630 268 2
13 71 424 4
14 178 420 1
15 313 407 3
16 594 421 2
17 428 520 2
2 1 9 
2 2 10 
2 3 10 
2 4 15 
2 5 11 
2 6 11 
2 7 12 
2 8 12 
4 9 1 13 14 
5 10 2 3 15 14 
4 11 5 6 16 
4 12 7 8 16 
2 13 9 
3 14 9 10 
4 15 4 10 17 
4 16 11 12 17 
3 17 15 16 
16
1 1 9 2
2 2 10 1
3 3 10 2
4 4 15 1
5 5 11 2
6 6 11 3
7 7 12 3
8 8 12 2
9 9 13 2
10 9 14 1
11 10 15 3
12 10 14 2
13 15 17 3
14 11 16 3
15 12 16 2
16 16 17 2
