0.5080775187180577      0.21210207455729013
0.035398210850294265      0.676890557006597
0.6014246320365821      0.16696768303473997
0.11420313635304546      0.6946480388760251
0.08449623982193599      0.3305811111182234
0.694701530986346      0.1725797761608363
0.0730609325832734      0.6904215929168465
0.5682510784762269      0.10661391742519932
0.05997598784207536      0.27903252515153676
0.057691190702202744      0.41384740312515256
0.33091621444166797      0.27826527918791755
0.1951598816189707      0.4934133531445424
0.6018071475911349      0.046978309000775265
0.061879974093815515      0.05631804905435911
0.21749422547327535      0.577582465065443
0.06479624382101956      0.283299678628091
0.1155521429680112      0.36679324423925797
0.549429249834126      0.047292766285184085
0.17207730947897892      0.17192252245501904
0.011633656397253445      0.06240049516823998
0.27395102026221496      0.28827946759273937
0.2560582078782463      0.5062545676621757
0.46885548640235253      0.10824692024989646
0.06222566299778798      0.05384657003788551
0.3074587455447323      0.3637419361551688
0.07265077680847432      0.21543825486874246
0.1262988824236826      0.3821478678265785
0.11215940477844011      0.2345507939192829
0.04501365060502249      0.5739712606213263
0.560520210668435      0.056345278501132245
0.46313722031790316      0.15598208290070303
0.08168948734270332      0.1312179950858242
0.10475455736349815      0.11736353900329088
0.03833990544655663      0.7199719621340177
0.09852080268838226      0.02837263109067034
0.531713617520736      0.21632466268660888
0.08474376142860784      0.2976906407124231
9.517917545548427E-4      0.4689785681211124
0.5326150971524808      0.16708179445678328
0.1531936818389925      0.08869507200546844
0.6282780144616552      0.02220199306886561
0.7360532745335837      0.06284988136465064
0.5920943639748084      0.011200600921319248
0.3451442972379417      0.3542703967917421
0.35930104185091605      0.1369883938316736
0.04336913143702725      0.2686269271527718
0.0555669311478878      0.0074180396063067144
0.18434016544302345      0.1044814450982573
0.010590604415881      0.13007338801769475
0.23285199832255898      0.5904398066558171
0.13538930250151016      0.34298570124636873
0.23507415028613132      0.09785530421169508
0.25721006199194874      0.28428172520245454
0.2209497633582077      0.31065549471846243
0.04672406541776464      0.27630508362012773
0.4173794423929733      0.2492502900248923
0.19469101629030205      0.08241521010474195
0.23379095299627584      0.009328145099784413
0.07896364194268446      0.674516117902754
0.461407111274427      0.47953249501828077
0.17573029580764443      0.5074175130101628
0.36995985006798937      0.15505750039543043
0.14700432826462684      0.5985052772969113
0.32253394684242664      0.003252668605620901
0.22593724041115193      0.15073936036267643
0.14341490428933024      0.3114776648304307
0.22619319042559116      0.40731109249442976
0.038416985727309894      0.4995162791139578
0.04969345135024095      0.09661857781064742
0.07628812590723155      0.44618438541542205
0.37633832601396344      0.08836340600120007
0.17037511759327773      0.08429413661309249
0.31919668401382295      0.3798641580922575
0.07306566011948978      0.35115171334589446
0.046976408956892035      0.42084954436061384
0.20529690123664646      0.3781898234323724
0.35165706341608016      0.16361634697663496
0.24488658110809214      0.1335330237494875
0.4043714839107595      0.07417614572704778
0.6266507348535066      0.04369013890601914
0.09682890530915733      0.22871118614601793
0.08079034798900986      0.39154875521896104
0.1972072777867434      0.3259099567583992
0.7134210247133757      0.12541305276369208
0.1251685561892666      0.43420096306071754
0.1307776176982619      0.24079539511399595
0.2522139535909682      0.4644375728973078
0.0900966856651848      0.409359148191226
0.11968446799469301      0.4858360259254604
0.10895564510305511      0.07493628541743003
0.13574880120046273      0.1275658832624308
0.322005009846674      0.2537377873351294
0.24411202620487182      0.10525522596075099
0.11825587040546459      0.1747506006891162
0.46360697343608626      0.30133301060299655
0.09342961806423933      0.5162905764848975
0.05117461882532892      0.06728515619188002
0.3136339422780038      0.2089246784374078
0.431488403385374      0.35541457730960824
0.6013050544759265      0.19096138506711013
0.5079472041897292      0.07115532211555253
0.06809325354868234      0.4147557597296829
0.19745817308867541      0.44971457134205906
0.2514374264900645      0.1009976580862263
0.0179712930664071      0.13948924805502783
0.10488322703920039      0.7508518087237595
0.01697889866202429      0.5060103723217632
0.11995063295106256      0.5302452197429228
0.12436327625574262      0.1578545719992338
0.01402133200544331      0.14440176671033922
0.09855610497625511      0.35165609802029474
0.2972264632751159      0.20869270600602285
0.4303163301995152      0.20699859995815673
0.5649163824597014      0.10036635689057127
0.21082355134997866      0.33778789050715397
0.20802084066461535      0.12720605782587635
0.1310993110129809      0.5587659541553138
0.0011107908147898193      0.4826781322808761
0.034773885104598445      0.11911419276136026
0.3792899161482951      0.04756954319208495
0.1327479561320678      0.6643075160014569
0.021999262588420443      0.4457027853278782
0.5378602894510979      0.05285760472036172
0.054913453443971694      0.06831160369869849
0.6145536527469464      0.2217124630440651
0.3735590066328872      0.049673726908991855
0.13536476743274906      0.2546780813775952
0.19857707387819568      0.23528503799910072
0.02815279208462773      0.3334095965458407
0.31634142690564837      0.06682509429108285
0.21388649800389659      0.2063874826194505
0.20814503103220894      0.6323152402583099
0.5224424710603601      0.19961530420817764
0.0944405849848956      0.6737178697987644
0.40366765202188293      0.03206777596390664
0.008778410623526467      0.13349915120318556
0.23309350690203767      0.559730288793028
0.2127636928969724      0.2882215029050672
0.13808561723655932      0.42045469353161424
0.016141020144986307      0.6480726281213276
0.12505546087387454      0.2845227134147018
0.10186990058518708      0.26615593192428977
0.23997768508927364      0.5896357174304631
0.5764455724582573      0.11687679499571613
0.30804376145880186      0.3161063907459112
0.17181078837009545      0.05658951792212308
0.30190828159407634      0.15526663816119446
0.5701241258732259      0.06120195733849698
0.13715625101629203      0.5167116847732889
0.0539277722773317      0.15564594542960963
0.4268661199267376      0.3020915473439023
0.3134712979207991      0.2540246420144969
0.09103513385704365      0.3040897677121722
0.10933562673726926      0.003092235816846811
0.05683290011283093      0.5554998265948206
0.15005027256712944      0.2725882720456666
0.02239368382908924      0.4358379273105465
0.14271128185599358      0.2952824159783751
0.1246509024328637      0.16681795865220606
0.36853531050052335      0.346863214572113
0.06755130181645319      0.046565718295727754
0.4211983382080339      0.030248474828332483
0.3972590284045172      0.15628721450648575
0.7513947360993708      0.12679164670886844
0.2264762993105196      0.0306901878564394
0.13921421822530022      0.224803671948122
0.4183258212491079      0.2875632260421751
0.19423686572005294      0.11504587085864038
0.5240326430593627      0.18428343757285126
0.5873887364789565      0.029147100425584105
0.030189841142157947      0.7992795214175303
0.4397544693932841      0.09505787856175574
0.11113052436743565      0.5136144805866178
0.03997027065910186      0.6455525362830097
0.05496658717230618      0.16200797296985225
0.14374135891948325      0.8045719980513484
0.14829579476015498      0.03779797849862687
0.10733667414278925      0.6156404473880638
0.038322471624013144      0.32958173709799443
0.21354515493913606      0.12208520542310464
0.3500647661260673      0.04383512160890357
0.008072143940762277      0.565493914715856
0.18447028108674102      0.3499372410231606
0.11663712637766344      0.21072839815677802
0.28285040833657726      0.3847915937645572
0.036309499500301046      0.026451172434248216
0.7405466664202416      0.06368925248912483
0.0883481348882581      0.027181020442647474
0.5649053093174448      0.021375645010585198
0.21951262517361358      0.055486876454638456
0.5723051533958046      0.09047304861915606
0.04319158004404444      0.2768557978229512
0.2577557002313621      0.1274825823758997
0.053409019269500146      0.6940208807776678
0.56202966313956      0.029468813801268756
0.20830440143918216      0.23864343459376003
0.2138907791094129      0.3521271445238868
0.8147018196143146      0.0054051653912778885
0.1982688647779609      0.3406513431929661
0.028387926202562586      0.4578059527471219
0.1725755419936461      0.10619503934398955
0.08169960093447248      0.7025458662417741
0.0031865240234972836      0.21418168349390065
0.6678349248483035      0.08733053006719937
0.7221822801479076      0.14633714198841263
0.16553953478827566      0.06802642892230004
0.18841733730646582      0.5018158618416539
0.3906635559330144      0.21253651830282183
0.2044421688249467      0.008540188314765329
0.28765168188497114      0.01108169860386532
0.15049166798185998      0.36249513982671844
0.6929468006689132      0.14416940345363338
0.4516869202791688      0.17265997627355179
0.12862171189692595      0.4756717965723558
0.42383333080777585      0.31366473646562254
0.4971408589330152      0.33290445167744953
0.1747858496024014      0.3449421891255038
0.08337703362853743      0.34706163818698055
0.059597073771566755      0.10832186232211793
0.07895371883097035      0.20967268634353609
0.14016269101080414      0.6854159897501294
0.23304647592738703      0.12928115623666214
0.16097610654962025      0.7750259788607398
0.11703224971594128      0.3304735867622126
0.033488365143847454      0.35860492112106146
0.1552974828799243      0.34937692756172334
0.3902938058971739      0.3602794003493359
0.013978796378350533      0.5887948248197926
0.09303078035064372      0.5208379055472425
0.029155439190006738      0.29793921032919557
0.006350982453408038      0.5905189033938572
0.12883647092602235      0.28885875459844657
0.24015847126568912      0.15584383491823883
0.29362701310625317      0.09190828596262135
0.019083921625621225      0.06359100489650304
0.4857045618741659      0.22549073977254197
0.33683499872073974      0.2261524820284726
0.6778058916810132      0.004060449331873106
0.08523606928441163      0.19677344551379905
0.7136803609040949      0.08826118000079308
0.6118080264703599      0.09095356748799532
0.058953344423982146      0.11169222329130446
0.3898571967964124      0.20991134389941046
0.10858600149681752      0.4340808699472445
0.2138229445598414      0.4174589938708366
0.07815590770928915      0.5154583077816131
0.02369966269919488      0.18302839755076905
0.14285682289119017      0.1793349882550681
0.13553989916439424      0.4366947076421386
0.5511798957231078      0.09998808472455345
0.507487910281519      0.37237199206899063
0.1316411482598312      0.5720948808601944
0.2410014520345709      0.2684388987672436
0.2939539423023836      0.2745353534788195
0.26677960295606373      0.26284256957033025
0.22491554776217015      0.2421658437837353
0.2688710211354677      0.409607008126992
0.33788884977607925      0.3332151441489484
0.05969093846958329      0.35407318411417577
0.12969118227931808      0.43982280718735645
0.12538075303733287      0.2797955720992312
0.5695039731817749      0.21109950696309476
0.08326609731232948      0.5830985843827599
0.7950262756781906      0.041769893437356376
0.037193969059639675      0.7906799626710731
0.547807555819384      0.06602789757721528
0.3473942364973114      0.07434882293226108
0.5591111235014187      0.14266991730846745
0.43240909755298296      0.18572303121323563
0.14056198530282527      0.1890780436582753
0.6246306473180965      0.008897931631527523
0.42132685679195947      0.028153514853516914
0.17689831696956682      0.21210184397270482
0.8973653336478146      0.051228549015170155
0.34333438884109446      0.05740837784188402
0.32335439434200486      0.19390184341381933
0.1736154796422269      0.10160848090954022
0.028537569360822412      0.3739283374805993
0.1054391547321295      0.2757023640733528
0.21416124704761785      0.2333404246191243
0.07563108430842747      0.5440706010309437
0.41829047321162505      0.06383261705047427
0.015960218038378327      0.3275906417701254
0.032700254262126305      0.33555832528296725
0.14165773327206777      0.1364298724350671
0.42292436252690513      0.37216039062980255
0.0981859924577776      0.10439605574386257
0.1790892621497231      0.074962732808315
0.22099553446376963      0.4948199943659102
0.2954596376433144      0.12617324046692469
0.10568564769006772      0.5925982506224072
0.4299909133126161      0.3390081743496346
0.49213938449008254      0.1082214322590136
0.013760902531707808      0.6750284594089737
0.7452467205042765      0.11886421882575893
0.6178630050640597      0.1354258294926587
0.3733846768365112      0.006944841887956077
0.030244380694158135      0.24507878638209446
0.19101176212386206      0.08721549625727054
0.15583940443942723      0.6051555792436085
0.012045554709396833      0.7295477972542576
0.6462763794004713      0.09600384667833473
0.08416212142580715      0.7757187779662451
0.6987082220220828      0.12803103888936185
0.5794552056835264      0.056008327507581224
0.2682944751766244      0.26389400171910693
0.0866038191573888      0.029731274497781457
0.20831978444019972      0.11157222403329814
0.22003485522736044      0.23037374521270804
0.24682504801397798      0.1562326784274698
0.36479907520548105      0.06551549498715936
0.2812025586065007      0.1164794895698208
0.15225221396837807      0.24975650579904907
0.5253123221603009      0.02669365759144715
0.38582286137185173      0.3969023253208781
0.1077376401037351      0.24093439401446415
0.3595683634254462      0.03249967226515804
0.33117301138182453      0.0829854810875883
0.20371375933677827      0.11009635635443848
0.013717764933975363      0.0833047120485656
0.05499434350586241      0.2741544633849742
0.027461526909713707      0.14357132830768393
0.026875082502914927      0.05076964904667214
0.18145009742534246      0.16302994803311377
0.624935726011049      0.3152155443553555
0.0531335084589003      0.3618631118690213
0.2613534590891208      0.12517086521409038
0.0582909781067118      0.351629584588527
0.17514791888073955      0.08284645055120521
0.2326047395777845      0.2259918281741775
0.04913423133260453      0.5626135836681572
0.15777624625548514      0.09093276641536541
0.5385209862850854      0.11605458034533722
0.34504707672964774      0.5044141032263896
0.09895155383663523      0.7037915145649359
0.7113558528884342      0.19078175569569034
0.5794825829673057      0.13122339821902473
0.3463710731733747      0.24197635013207852
0.1259120761597583      0.09855739479304249
0.03389639932761179      0.36854809296694524
0.1417524842732648      0.06388873134609596
0.1740076790552606      0.37481696165000267
0.15266730757171965      0.2665926713390293
0.2344404060406593      0.13731251397108268
0.08710318620565582      0.611784579393938
0.15260921631836044      0.29331545177521545
0.3479627865684034      0.08017496164736893
0.0021379450807328393      0.39474359787567026
0.04918054306764297      0.18353402600725555
0.25871705317468585      0.18619715879433207
0.05235663374915678      0.025917397584101165
0.2342139410475862      0.5903040498363579
0.03851196791277667      0.5598119971708648
0.022815589651807522      0.24796852037685613
0.32072232244524324      0.14548523355059562
0.34656553596933215      0.17717658338139952
0.002136177177298304      0.4489245929751253
0.00860416960434951      0.05382526250375275
0.08835159457397201      0.10665739084610515
0.2577453721626791      0.6269038744237595
0.38065362540878867      0.16832470803106903
0.4457739337396881      0.2442726358296914
0.1344064797405783      0.3818959360335423
0.34670157653729206      0.16330125157389297
0.05875005677619438      0.7526749810021216
0.06483079763566979      0.07184267170822956
0.06938416422341631      0.02536086609083521
0.004308558177562594      0.5574278318766068
0.7896506364854696      0.02771873153159421
0.08027901731052245      0.3885079574866762
0.14662794363005582      0.29681316849583106
0.3911294047400933      0.20874757360798712
0.2703315678334206      0.10899409614074285
0.17982193852357176      0.6004850916416358
0.083561569499507      0.38101866637686455
0.23103404485109358      0.5026026997824595
0.18798414077722647      0.12346160652892635
0.2931984450247931      0.27921373925380966
0.24746026318186853      0.049091113640417294
0.19775916630064894      0.16974771673213662
0.6628917565573887      0.07271001447251269
0.09078049281510747      0.6873590212041103
0.08997098024280281      0.3238545987618209
0.1394237559159972      0.7784332625001991
0.34977870189143645      0.02101263300672518
0.4063005446047664      0.32045746074659487
0.4481833989949442      0.05528537258325772
0.19641234413767483      0.14685432814763844
0.09351392613223197      0.16832802482636178
0.16337926740370923      0.14880369055002463
0.13538464132749706      0.14541050161350344
0.012372422924345372      0.3010658040619999
0.15376951841631503      0.513288636416247
0.24185886290655811      0.4904456964125129
0.5553288066918116      0.27427959228905907
0.38139681945532955      0.16883113694495377
0.07136263797982756      0.0996795392537767
0.12260378997227794      0.08377864906547161
0.21124476521267221      0.13830430270757543
0.510889322665947      0.019186520603237778
0.03070390208994267      0.14396331719580868
0.021596179108016478      0.5928214405006215
0.23114054006411733      0.40468103309593007
0.31146796563549795      0.32707783291551085
0.14569955143948443      0.12238229514669063
0.11683905074859424      0.09164720785566949
0.3515223582265655      0.12011268999550284
0.07263822329375147      0.055116947102456515
0.23236857066723082      0.40333310044887494
0.016895689076762643      0.026689684335375108
0.1453295649729094      0.5755866532766591
0.009308582778876029      0.21636886197124305
0.5495339991645918      0.04777694213936434
0.4554103968606805      0.013880123066669081
0.14364928580228065      0.05035924919337731
0.5632186397578336      0.30539697318692516
0.1826252727532055      0.06469412935894736
0.18102683405551434      0.2535002866883195
0.08349204597417692      0.7860951360702502
0.5122869854329283      0.07740399212469107
0.0260762875430125      0.4830727608463301
0.6313114395392591      0.027043202937474642
0.011267683855352595      0.21388554227472178
0.03383868858776706      0.2865857315427016
0.1946122293720698      0.6271934377326002
0.1464417499495092      0.4233339859522627
0.08114096097012835      0.3180190219911512
0.18504776378594945      0.05247984012780005
0.15515715559346777      0.16900824672745174
0.1981608875584524      0.043519210546806075
0.1982789039941072      0.18226082064621563
0.528218267032215      0.018564386363822405
0.005530104301901706      0.021346763580327943
0.05954504321325238      0.30414137763843085
0.07055770112641746      0.4768922452231258
0.3198503441134398      0.176737951012103
0.30204257648034916      0.14334331839643688
0.24133913190303502      0.3012664418617408
0.08008188861807852      0.3352875533512083
0.13392514541299305      0.09865838499254753
0.051735085533928915      0.7385501035742309
0.6073789521253633      0.10662505539122547
0.727798114839635      0.0527018739907239
0.566348940941809      0.2980992757556852
0.16477077932682538      0.04201047781885603
0.46332045156559065      0.029279288769652134
0.028719814382797693      0.590883576088654
0.27315996226234696      0.28782219193303016
0.10503905592253493      0.2144989430477372
0.06058188552593147      0.14271260425860544
0.8324476074016031      0.10364378682052866
0.10472502287491614      0.011958140485862856
0.17222594635898292      0.24186166566167977
0.01787981325792376      0.2789022642631793
0.18499086348243532      0.5236679109246081
0.020645423283346398      0.5637482674329887
0.01295549483280034      0.46893967436297124
0.4149302848166906      0.43633229188697376
0.32336500336622565      0.46440586676492257
0.058153112688574926      0.17599035903149718
0.2556078678884567      0.3771711924611266
0.09754380041491773      0.03519478679144661
0.24337096638304168      0.09079358512234825
0.3898912673404409      0.024750111702618538
0.4151771691716367      0.06029035950194461
0.12846591645141414      0.36248979363482514
0.11177721773853289      0.23611052262604593
0.13482655935288412      0.012777591060628701
0.36394287081022936      0.13944104471121355
0.19821458281320992      0.24468286075565115
0.12477976075406716      0.20089642920910622
0.6536901587193543      0.11203167453688045
0.2098391013168165      0.24272843229564534
0.21151713724631815      0.26238530543378047
0.17627978667685995      0.21516759173268696
0.11905593573497553      0.5449060712972436
0.020145892950143796      0.1846193163199954
0.688072923125058      0.12082502216515956
0.1199636564290465      0.3140872498352568
0.35545204619869875      0.22197256950860966
0.04694520232402666      0.12769363212859708
0.54697038659575      0.06519659914117093
0.015787982146453494      0.1171541622029647
0.04749227657128863      0.4329343250599822
0.10152623902849045      0.2944378028198432
0.4550593295162999      0.16372984878588648
0.10665531586200683      0.2297806643218554
0.4196735411490763      0.02941737289930757
0.15143179039962928      0.02695283672966231
0.058426121080396576      0.0957077828621834
0.04135954199804737      0.19560922431848615
0.24567750278727152      0.13892419828814284
0.17424899214900869      0.24812718496918496
0.17602795317546704      0.2469502522704905
0.4006220218548723      0.23826688985716182
0.24075188616309573      0.1736402874471693
0.036827130337213076      0.1318300430578203
0.05602538081571462      0.46885598017116026
0.44172214124237685      0.1360247908177843
0.39390725155402795      0.3363167396521516
0.2601324246229675      0.14040464288661603
7.809057474733594E-4      0.22865947474505244
0.13462698585710264      0.15462149950911774
0.015017203944365232      0.5437393655581366
0.47998543113750425      0.4456682983898672
0.3425378418087748      0.06004281781624632
0.16797842321804968      0.6725968554625711
0.05948321570812609      0.018746972110587956
0.6240994255330989      0.21443611926740835
0.012137358335940207      0.26087305452227927
0.41388717156537025      0.12918409008877518
0.11701696529372818      0.4358682868224625
0.09995961068559112      0.419671362113627
0.13466036227537204      0.20578684612610865
0.21407779596687548      0.20780363347848263
0.5631319815398897      0.03025412105644787
0.6187592321983219      0.24872583607372278
0.007585991312366702      0.48120746144211446
0.021614448486249938      0.45503857286792326
0.33910703771418116      0.4476634703550778
0.22565781917954741      0.21500748490341615
0.2197781479920936      0.2495738489653634
0.04621863190047559      0.36460397095802033
0.26775426378883715      0.3791622911647716
0.4757376772279376      0.05187142277073398
0.48444810107848024      0.06431441087608514
0.05485407341136306      0.03336808770143784
0.22623515447188824      0.27233311527196946
0.29384926350184726      0.10351039874498047
0.547699857508609      0.03927630500211876
0.05862055688788825      0.28358355485695486
0.2219614059216929      0.1461183343309621
0.10514200582685818      0.04694414346817177
0.26208828674384876      0.12949311766450877
0.31550167008260044      0.05660804624431226
0.25118940441931936      0.07123959915403943
0.45256477224119085      0.08031473678348222
0.06394289045544077      0.3011114079211762
0.26882313642417355      0.03271086956013036
0.03918561992572955      0.1367845503433366
0.049215353242733184      0.41426657162871927
0.5354876135911604      0.36267933758138504
0.1750040957563983      0.10278036486580722
0.02786269876530101      0.7970058141539156
0.33414872000927376      0.09085570259784559
0.46047072601711103      0.181595785514719
0.05163254986711774      0.31113484214552933
0.005540811208153196      0.7440356790172724
0.25365979656706716      0.06590808317455987
0.44527432325688654      0.06286855458918528
0.27944797789622133      0.4358662927874988
0.24525644782177802      0.45022772377716225
0.25394664702541847      0.37825285438692113
0.23366182452663864      0.17924685823911923
0.24578992446269543      0.035131742055975246
0.13371582525924386      0.5732605846446501
0.15925049946549374      0.22240030683904688
0.14169487435312567      0.34953613990456966
0.03175799938728241      0.09886202005401967
0.0358319368100285      0.2766503727273151
0.25568049325648257      0.209014841601887
0.18450730621070421      0.10566791596334657
0.22114362630803164      0.23169096739203798
0.23287299757506652      0.27943781575050985
0.14578041060265612      0.025530797770331848
0.07710022111860104      0.6173450313724866
0.07115164576788702      0.3519621053050762
0.15581811940630752      0.26772955393230047
0.49322544697818405      0.1274022440945355
0.03369050345007396      0.19764096619027727
0.0341416134662651      0.07401669638528474
0.15171598424120736      0.2523393219262323
0.018362758942152335      0.01634531794116345
0.13521122578045486      0.04346896907320774
0.37010318810547294      0.2558884313019064
0.13634241729900398      0.7935386847592669
0.2647212758689509      0.1284575828451514
0.09831354465147935      0.3005863113343974
0.3424840189033016      0.332693190501982
0.29711236981985056      0.30912701916858387
0.22858359620398205      0.19402781782075829
0.5283583839815031      0.20899447054977238
0.21267798487874745      0.10298082347682747
0.19772201294320668      0.42349939645207035
0.052172108960773955      0.35785054105930236
0.17448548442760414      0.50166823761908
0.5374054581954659      0.19128057848503266
0.5801873689645536      0.1838769438684923
0.33402302803621997      0.3359278969462305
0.31617562223099926      0.4461458487477491
0.4229505303060024      0.20164606054395218
0.3389144769120308      0.21475508324399606
0.6240845771486137      0.3087336158914469
0.06646789262229968      0.22342925861591612
0.1325294430835906      0.4878840501629891
0.0189430804502283      0.028103602766166857
0.13465135126414174      0.46025856160695355
0.05565171482136544      0.28326857496944924
0.3303129380754921      0.536414572907967
0.034074063605674      0.2890227753793704
0.26559619337700513      0.11205314188659188
0.050917346576958344      0.015323314149884748
0.4403527796795197      0.06859008831086588
0.3628328782600846      0.02218381904866462
0.4828863094374407      0.17098422186651607
0.01068914221646211      0.4419592783401509
0.09133050518960928      0.20124319900517107
0.6152182257010428      0.16309781561832937
0.3241760721873246      0.010605884747505123
0.6802897385779192      0.08724259642429988
0.1671607630282359      0.12365307953970339
0.39105011314807003      0.022519824350967887
0.39037102890957454      0.285698697398473
0.06262470498968953      0.4669832686387565
0.14047772028538164      0.0952173805971338
0.39164781922272884      0.4785714693500377
0.37148017901621866      0.1193279736307351
0.43318456927526583      0.20865491170455042
0.27572865560409576      0.10963309398419974
0.1668625075266068      0.026566630247081613
0.4505365490708667      0.39562413121657736
0.12160485337070981      0.6522876651504097
0.34827837030425324      0.1208202278693229
0.3729181079750531      0.35825265462522204
0.0035837980051076634      0.16644124609023891
0.5071132701743158      0.11959981121295726
0.32601355151371025      0.025053865595772273
0.18331282881731814      0.5629641131283838
4.5637657367825213E-4      0.4220200013459421
0.003681467088980317      0.2879956567847739
0.1041198679362153      0.38945581794805784
0.6417227933937448      0.16924693948462222
0.110587815819708      0.004842165987932634
0.14901313138228256      0.40568665767670975
0.6368434852817      0.22032359419726655
0.12201557040917765      0.42650612877960703
0.5418211250129492      0.03962449942145552
0.12054319973398442      0.256133008683999
0.48604863510624974      0.029887491538584277
0.01716818666273301      0.045379257576812715
0.3060135321440586      0.416541927480124
0.2954683184722835      0.3366633534011252
0.1140915351031373      0.5865207630893385
0.6819630216675188      0.009245360640782074
0.09486536858325567      0.3987844278417493
0.4751347163780977      0.4399742878468217
0.12952103106702073      0.30346599158471754
0.525188284508609      0.036843498385467965
0.08656156987018249      0.26108926280701683
0.3026650296409975      0.12891580235538247
0.3045285610118854      0.3017993854338539
0.4032823895776818      0.5151703193931652
0.36593672514015063      0.41566175487037993
0.21587200951034025      0.48998810088776346
0.49688908001938215      0.27730409289225455
0.19483249589874663      0.09215266396679545
0.3572664733458327      0.07904336819697821
0.28950420488328776      0.16663527866784977
0.3129913272713126      0.4389815566635644
0.08859483644752153      0.07985199113165986
0.45461494323344476      0.2004398713029928
0.22444781118229618      0.09850006096771702
0.3753633277535017      0.041957944453739904
0.4314814169580491      0.3939036774076866
0.08246512443153997      0.6389702364940588
0.05931078665178435      0.3562974516299453
0.10698085284514669      0.3154219046331084
0.268073236810106      0.5405322806434651
0.032136026727256906      0.43935175678942306
0.09453788092881832      0.19499723475033592
0.12807315882559267      0.749978303789286
0.06866872716342753      0.4812991839466354
0.25928295162567505      0.06929159360396486
0.10819982679861195      0.12241806674039413
0.29079687552961375      0.2674651667966663
0.14041333000221645      0.012668282361459116
0.15509063478334384      0.16256152415753955
0.09010536825429472      0.050577470568386684
0.2126081590018033      0.16798037577509572
0.1204696462627215      0.5255185528612325
0.062219359537130314      0.26701643203864245
0.06456347505895477      0.4769948398193723
0.426265474265762      0.49155125518811094
0.36573166340616503      0.24142650944856836
0.30489326557490193      0.10675204417119799
0.03448742804289273      0.6571139238386884
0.11653443436656163      0.07048821194354582
0.522788431556207      0.18978310584037628
0.052733915291785505      0.14745273957438687
0.40929358017350614      0.039914032782031095
0.46508491108476613      0.10021955210008693
0.554968898964257      0.29413911543646776
0.20708636076674702      0.29826978658270065
0.2456502856917544      0.15452912047801093
0.020674821427111745      0.09904430586471169
0.007826606020001958      0.0353577821785771
0.036462452051277516      0.8254352041771671
0.016682763092507158      0.8791049231243432
0.32014444107609985      0.34885929130739535
0.1087333452551894      0.5761480656620501
0.12153979589961983      0.28698426844225344
0.17935157074235408      0.24165346199130866
0.28521322241309877      0.14498689089222894
0.0322023996198757      0.5015526012469478
0.12159380727019897      0.05320368415877519
0.013072312530417407      0.4080733164346009
0.14147971789560376      0.1804924545907881
0.2319768670418041      0.6168818430191223
0.16596575895269583      0.35578786957530406
0.33283292790252117      0.07208923489011654
0.10265767806744952      0.27522354091057355
0.19345105054777412      0.15686057273116505
0.09693658377772996      0.16355900203334273
0.36687596427890157      0.3426776525454125
0.0318235061382095      0.19788113756425318
0.324712276438179      0.20614983521765207
0.20621448342619197      0.06789089817853244
0.16423608395126577      0.3366245976407398
0.21531781874833145      0.044678244000704526
0.3055672440699735      0.04194842645184704
0.3889343748605      0.1736488395038973
0.4059161808096323      0.020597653660023862
0.2714455806070002      0.44747687750639664
0.4793470557806242      0.07102601588933888
0.05880877358563619      0.29384325881084283
0.6567106858408045      0.2360475717675229
0.30010008599138516      0.5214583089007384
0.11416144292118113      0.3655954159444812
0.19203690278698404      0.306038906729747
0.320290456189567      0.16580573485252637
0.18227991391826837      0.0438810587527424
0.07259813688426997      0.4501030651235137
0.4894888142511893      0.08319257579713302
0.6549633572344715      0.08433999879196663
0.13508719490614818      0.2422697370767678
0.26255327280578344      0.4883468387042834
0.5135617373100207      0.006140194663746046
0.043745146819707426      0.1864691119757036
0.18599332985318728      0.3370085454788285
0.18198163015714308      0.27922955176878494
0.4106393199415106      0.0811309425012201
0.21807155986490356      0.41934403951239396
0.3839457999434537      0.13745456558554547
0.27924753427668825      0.01030547806863058
0.36136726938967856      0.07219952074488512
0.39611138539827806      0.27528167674979886
0.06934464221692394      0.46454941228007374
0.2699686419517926      0.3744448800476785
0.0910032297854303      0.33350962826648745
0.08570515790758593      0.09472705374402768
0.4196067817092619      0.1944022150919713
0.014464904241184295      0.8917943754639542
0.001157839747701117      0.8224800461742089
0.040842918951147444      0.3687488052069202
0.2878082338942177      0.29463647275083604
0.10814055797258082      0.4846880366283969
0.6211046750157878      0.1491453807133224
0.17308528347337637      0.19006602809369844
0.6132591332092197      0.0556872649595751
0.32237442115916926      0.29978317860184855
0.03877767741062221      0.12211441321525329
0.3668967030762398      0.49462120430344847
0.3761171995807585      0.12829742438793013
0.07252542953425223      0.501114385070629
0.41140294931943533      0.14392347080774037
0.08617245908754267      0.16504764098293023
0.042728323200980856      0.025885102632969947
0.24961536861478628      0.4054727757356599
0.5468906105270501      0.05311271797111505
0.3876333814526993      0.30475137100594263
0.14224385639493997      0.06365827082500497
0.1050676110339327      0.23311593830055233
0.28465601028754517      0.6318422238499202
0.47069486426399076      0.4985980536730864
0.08905004734676591      0.3258483784821007
0.40296421037236496      0.12516647706160267
0.3999052180688085      0.06549280474419295
0.3095796321998968      0.11333976478881691
0.4866799701888239      0.11863089929278836
0.6990972623223166      0.018060375022502795
0.15777426364848302      0.17121787669427235
0.2985399981904988      0.12407451606533404
0.34936852382044215      0.07384569470497782
0.3662766311280292      0.015660909956902502
0.23012056503292977      0.3127003621871912
0.07297422856218894      0.12003432170539208
0.09213169858650783      0.29663535347050973
0.045314729091386896      0.27153988344527924
0.11170201890666942      0.15748702916232982
0.2249705415890071      0.060078565220446856
0.29702503399243396      0.25517722732738124
0.16009871659867647      0.6413136191178147
0.18226880245502775      0.6794915350024607
0.43093399585625447      0.052780691307513616
0.010280897601412486      0.011665060943675254
0.033574261266861805      0.33699300208324634
0.1451287290553257      0.6316212958369972
0.0020726652315065097      0.0544842842713017
0.005719450892146316      0.7992120198991626
0.4450258123941008      0.0517037959232185
0.004068403670145493      0.39178197252349
0.029508691484434024      0.20853992777057828
0.15888060556868366      0.1858106412012711
0.16106571104678835      0.12894572850968655
0.03297094843474757      0.42388701917408644
0.26191177541583      0.38210192887949657
0.21719406820153375      0.22503397292804228
0.28499303749417704      0.08339896439428063
0.5823466157886927      0.283680054874755
0.31512007436353406      0.019475500308013927
0.1219672812549355      0.36664074612548514
0.29169115368552045      0.06844385305855405
0.13495625342565176      0.31225208237270674
0.0012627976719219447      0.3722058774789464
0.19233617176074413      0.1264536208950292
0.5048453079307349      0.2204080095648353
0.40815603663236866      0.3835417085816386
0.12158199441542461      0.3220630070190095
0.4699700874527388      0.15918253147074557
0.5724615869698974      0.34749807844571157
0.1749733514396663      0.4242050309271691
0.21063918305812024      0.10848897037192906
0.10030243270237249      0.24749578450718124
0.41889702037846677      0.02751068208354268
0.7255494206870232      0.042432222863811986
0.11363676977959691      0.2429607372571111
0.14656252737705766      0.5765426157047551
0.22964289789639358      0.02204583731925258
0.19279859470597804      0.7081372347326456
0.06352997987144737      0.31937779954758894
0.6486077886450633      0.24344548959374535
0.7915314281179554      0.1587885105624116
0.08294040509607581      0.23770674496430555
0.7548832940233572      0.011689341170931011
0.05470121023517971      0.26953589028930824
0.10277834848708622      0.6575780668306115
0.4111042951549114      0.3068875919204266
0.12471383023829452      0.7057956867666825
0.1354039286319978      0.788437558778873
0.15916254791444284      0.5346696404226903
0.18365194028659515      0.021771709242949466
0.4562220620180263      0.0804227854261006
0.3037684307060107      0.20799918308692256
0.4110958881595137      0.20208713786133958
0.41334749214503286      0.139315149866457
0.3722393386578605      0.23571910330281387
0.1109695705388265      0.06233420741352069
0.45457346993647507      0.02501727778861529
0.09486333531153845      0.04674687556251422
0.20738639887108812      0.3802893407821931
0.11752058953734701      0.1919694711770612
0.3620092747414708      0.25046140092490843
0.35686743794450415      0.2088120582496742
0.07991118970572353      0.5887298785494532
0.17349918202100678      0.12326364003314683
0.08641821241778302      0.5753166501237751
0.28364135352511477      0.2968509157514305
0.13333521573158902      0.05420494505303186
0.7495645464992187      0.14606062206535875
0.6281579751453747      0.192115816265496
0.6967395836252734      0.11272917535172322
0.37803436133215007      0.2120404436350033
0.040431520126203435      0.028518097680037324
0.1775899965464649      0.14496140435235483
0.15466451494598266      0.45907872760134394
0.030133481052557642      0.08021475663983602
0.5160005619298342      0.21596261116185844
0.11880122037326224      0.3403579083751249
0.07599342771459727      0.658381993046274
0.06583356544843544      0.3011838547798835
0.47922741794759793      0.02837793929720811
0.4236002249675098      0.0802794050688711
0.4348089714054456      0.08388343580767799
0.4947780202096227      0.06738989499417691
0.09471828854685083      0.14728477481413005
0.4187392654538167      0.008141893427393132
0.053040345366438535      0.38918055470425617
0.16491054512241443      0.011441652745248665
0.5383403334463575      0.3230508677459196
0.07758679613541564      0.16950722632333692
0.666427962025941      0.10131462414589754
0.1709916263176342      0.08718133333402223
0.15452121481967585      0.26428557255018514
0.03235036466995289      0.5780388544754438
0.04200498679505582      0.17565758317179592
0.020919871184746364      0.16355927052014108
0.12864931674178892      0.5146528766981495
0.7973068716428208      0.02105566162859762
0.07949299333202053      0.11119860984132146
0.3512921126080265      0.1754905533792599
0.21508956763944131      0.1444495985450368
0.15011926402118714      0.7123905097023628
0.05849168574284325      0.1562276803032796
0.372088899947163      0.05751238217218391
0.1258704379330109      0.41392914428530303
0.07866126838110021      0.023436209350440773
0.24518345717207168      0.1424652989274745
0.27898978947270936      0.19494627508149565
0.6359821535651096      0.019703608212275903
0.45657982373504824      0.03496831511606813
0.029682692175019953      0.4443278732903937
0.39488566953540594      0.279901472367343
0.5553684864532895      0.1801343276949774
0.5836295864773151      0.02718854276151772
0.01193466060346593      0.4089926561183541
0.0281885611935786      0.23147315541299474
0.06124708324025474      0.20034616592772403
0.05655140740133413      0.36921272467273925
0.6137197387931299      0.0934285172790651
0.18951266798613253      0.4874957900347334
0.4734606746519695      0.06322530354036793
0.33504006439686296      0.24272969357231278
0.4665036655078285      0.2508439866245553
0.138189221762954      0.11915186016461521
0.05199968036969582      0.24070025659260352
0.4487948000008136      0.0101746747945487
0.208909611216751      0.253727004373422
0.4645527292364966      0.05828885958391172
0.049287493886503      0.04835972758249163
0.06351867311143333      0.21415909277212364
0.4371411159164109      0.14720516887454116
0.37420197818557954      0.026305346230841797
0.22467865261999553      0.10990581773136376
0.20347799726688576      0.47333277794278916
0.06116243671363242      0.4646116944759813
0.02308411387983178      0.5734225583482208
0.20930509044864876      0.7003775641041988
0.5354597519710955      0.14449878653380965
0.17106614000681042      0.010942601050785039
0.13309696478551858      0.36855479709065486
0.07016323728134699      0.1615354450669214
0.6559891390320324      0.21846589244880765
0.457901841353648      0.0833450494117125
0.03699477352289071      0.0434031909349728
0.2385672249446773      0.49234692830016247
0.0455156353222943      0.07318062448895257
0.03323061079282397      0.2419884931647981
0.10208974128597792      0.27899598730529385
0.24133658668435354      0.3876858135167274
0.14661650775604496      0.594772150265556
0.08337991190598348      0.5551719768626058
0.08342503303380344      0.2556733674873639
0.8039418547395305      0.11071441983425945
0.0048042932475821365      0.1549978312257515
0.06511547146027197      0.19502209707551077
0.00539740459304483      0.9075189488279377
0.11801282526311219      0.24002145784252416
0.018070394886313457      0.729447857254039
0.06009632703487078      0.7541759714657748
0.35260299991462163      0.29025841497386873
0.14435038457415283      0.4825102132177055
0.2930393731647267      0.12521764783129075
0.06968941338917312      0.4889508531479535
0.07118341138108175      0.6538754066247225
0.5254474885073762      0.12073479344192362
0.15063370373666607      0.2810811411866134
0.12965749009047078      0.19448881461997614
0.1692949404569557      0.2367541571349796
0.004136706033608828      0.21273871850261694
0.22686655778367348      0.6127550133048436
0.32071083562541924      0.28137567085923076
0.1726131876197633      0.15074629658471606
0.13985115041831353      0.030929520049909343
0.1988198639608686      0.048872029360518265
0.7006498644543273      0.0028237922200767818
0.18329226130317544      0.4991229939529759
0.16482476351641018      0.07051767151653654
0.6965690651570888      0.01627386198151437
0.14565575119404583      0.3582395816448436
0.30045868438217105      0.3572386483250767
0.029953177185849666      0.4914303013712823
0.5333083336316066      0.004929711235905909
8.16847465824222E-4      0.41300907993123703
0.41245538666527815      0.49180670431376794
0.44702843211380705      0.046793517171464405
0.3783897178557565      0.0676705630411798
0.6841173841062832      0.19632876609136451
0.20743158478933177      0.22574784737896525
0.36096854758780683      0.1524800529650603
0.0022939451990657833      0.40619241714252885
0.06472919328511073      0.24186087894469366
0.035221301099715      0.3121732211682011
0.13197010685050758      0.059535992520000525
0.5144303775509488      0.1312261595230495
0.06449041702131253      0.12768503949719356
0.06366556739302087      0.2362346409620204
0.05412963645573632      0.18202369519484718
0.23781832848297402      0.23804964857889588
0.2969658614658115      0.07209582323845876
0.09935474827444535      0.4896437543654313
0.03685467402378639      0.30703822379156764
0.23329766055040357      0.23867572734550058
0.197627859887208      0.2898727790106226
0.15085768690313772      0.04073751843756712
0.20814805710843898      0.5574291831812368
0.45296719584986933      0.038909599596559485
0.19063269053045218      0.06623515231727295
0.11336026537381994      0.5910034899831982
0.03058682033703941      0.38559510897499927
0.03576118778671766      0.018765766731104305
