17
1 33 94 2
2 115 87 1
3 222 87 2
4 307 87 2
5 400 91 1
6 458 210 3
7 523 80 3
8 642 82 4
9 76 307 1
10 225 301 1
11 398 300 2
12 624 293 3
13 73 442 1
14 217 425 3
15 393 432 2
16 568 436 1
17 477 529 1
2 1 9 
2 2 10 
2 3 10 
2 4 11 
2 5 11 
2 6 16 
2 7 12 
2 8 12 
4 9 1 13 14 
5 10 2 3 14 15 
4 11 4 5 15 
4 12 7 8 16 
2 13 9 
3 14 10 9 
4 15 11 10 17 
4 16 6 12 17 
3 17 15 16 
16
1 1 9 1
2 2 10 2
3 3 10 3
4 4 11 1
5 5 11 3
6 7 12 3
7 8 12 1
8 6 16 2
9 12 16 1
10 9 13 2
11 10 14 1
12 9 14 1
13 11 15 2
14 10 15 1
15 15 17 3
16 16 17 1
