Result of F2:
      45306     -50287      -3869      24949     -21325     -49869        725      52979      26541      26939      30545      64125      42540      44280     -44937      -1161     -57032      32288     -56492      36958       3650     -13866      17464
      -3065      60314      38365     -75959      46122       4615      36090     -48263     -31184     -25477      20917     -45986     -16440     -78043       6781      -8503      74955      -8109      76732     -47806      93289      19649     -45953
      87160     -22660      77080      80821      91704      78627     -67160     -20811     -31215      69825      20177     101400      47111     -35366     -35635    -121761     -84467      20785     -83088      50131      47618     -92205    -103097
     -70875     -10234    -105314      51091     -47973    -105811      14046     -15628      71234      43007     -80302     -69774     -20248     -79847      33430      24556      18547      95326      55917     -21536       7512     -36574      94033
      22193     -13642     -41168     -20927      19134      -6527     -17706      20040      40179     -19958      24195       6917       2810     -57185     -27070      26790     -22947      70608      21305     -14621      49304     -24216      20798
     -11960      32863     -58923      33292      -1630      24455     -34843      -8972        276     -64365      56873      52049     -13090      53554      23249      10293        612     -61737      37066       4412      41374      -7559      32377
      35321     -53676     112999     -40366      25685       6779      30891       1718     -93854      90863     -72016     -19242       6004     -16661      -9819     -58822      31385     -45558     -42886      21606     -45622      10470    -116676
     -57714     -38670    -118811      48067     -72199      38086      18343     116490      73069      42325     -78554      11977      -6970      56901     -39540      19847     -67922      -6782     -72536      11186     -50130     -28129      -8823
     -42097     -68339     -84891     -71145     -53393     -57874      11855     117739     -84390     102197     -84814     -26893      27681     -52992      -5369      82207      53862       2315      58634      31749     -35579      -7756      44371
      -7356     -72539     -65718      32173     -57361       5746      50159      27677     110884      30419     -85376     -15180      -7541      48959       -796     -15672     -44330      70587     -82418       3592     -55230      -1446      -2332
      46443      39060      60501     -37711      23277      69264      29669      47729     -38555      -2552      35283     -24120      51001     -43122     -18000     -16211     -22446     -75105      13713      81375      67548     -23301      22929
     -11633      44504     -11499      56348      12968     -33089      30114     -11133      67066     -20579      38075      -9540      -3938     -17823     -55943     -12333    -101754     -28241     -29614        398      66324     -57673      22316
      19965       9755      35551      41390      18676      -8461      21735     -16240      42796      22028      28534       6310     -18999      20583     -36217     -49338     -53808      -2463     -49039      32412      19104     -16902     -22528
     -21076      48352      54379      40860       4838      28307      51611     -34160     -46048      12120     -46749      -9545      16583      18358       2026     -64851     -22595    -121606     -40567      10051      27394     -34476     -50090
      25140      61215      -7861     -36575      63291      49643     -72424     -51061     -19639    -121049      92533      61122     -26048      -8016      20630      52769      40812      29871      64078     -45332      55078      25997      13648
       7926      56627     -39221      12997      35479      43519     -23639      45875      61370     -81962      33844      21358     -38064      15077     -11225      39656     -38904     -13827     -19450      17486      42333     -19835      56970
      50358      38232      60587     -10871      25891      61936     -22254     -40569     -39043     -55511      89319      62324      14479      72054     -25973     -25071      -2193      -5790     -16241     -28091      -8379      41749     -66119
      36685    -108352    -117765     -52322     -62445     -82927       9818     138303      94349      20755       4311      32712      -2732      44214     -45938      63876      17347     118639     -19424       8736     -19311      26678      61303
      51289      45381      74689     -63172       6194      33716     -22153     -41464     -35160    -106925     103847      -2233       6280      40263      33608      41909      75253      -5562      69088     -12320     -10402      89704      28159
      10253      -1320     -74478      10610      26922      19510     -47015      17215      77371     -81260       6280      46362     -28523     -16966      29423      60390     -23327      51820       1913       6897      41921      -7226      70083
      18854      13422     110592    -106913      24374     -25551      28326     -26999    -131062      29878      39115     -54707      24430     -72054     -28389      37120      61147     -51261      89857     -21147      13403      43677     -65608
      48330      38171     110168     -33124      51178      56225       5928     -19546     -55660     -53548     110889      69825      34164      76768     -25271     -24578     -43036     -90407     -59382      23551      18923      20489     -51302
     -14027      82489     -73749     -97415      38735      -8185     -29502       6379      32006    -149822      51801       9210     -55933     -41816      50616     139811      95808      47889     106570     -39929      88655      67189     115408

