10 7 6 5 4 3 2 1 
1-SH+sum
2-SH,sort <0
3-SH,sort <=
4-SH full
5-SH КП
6-АКП Ф2
7-АКП+1kl
8-АКП
работа/процессоры           Low/High
  1  315 2 0  251 4 0  315 2 0  221 3 0  257 2 0  221 3 0  221 3 0  221 3 0  
  2  274 2 0  209 5 0  247 3 0  187 3 0  190 3 0  188 4 0  203 3 0  188 4 0  
  3  245 4 0  245 4 0  237 2 0  218 4 0  230 4 0  218 4 0  218 2 0  218 4 0  
  4  252 2 0  242 4 0  267 3 0  218 4 0  236 3 0  218 4 0  218 2 0  218 4 0  
  5  227 3 0  194 4 0  227 3 0  194 3 0  197 3 0  194 3 0  194 3 0  194 3 0  
  6  243 3 0  171 7 0  194 3 0  166 3 0  184 3 0  184 3 0  184 3 0  184 3 0  
  7  225 3 0  204 5 0  225 3 0  194 3 0  193 4 0  195 4 0  195 3 0  195 4 0  
  8  191 4 0  189 6 0  191 4 0  175 4 0  190 4 0  184 4 0  184 3 0  184 4 0  
  9  315 2 0  221 4 0  315 2 0  221 3 0  230 3 0  221 3 0  221 3 0  221 3 0  
 10  293 2 0  247 4 0  293 2 0  221 4 0  235 4 0  221 4 0  221 2 0  221 4 0  
 11  207 3 0  216 5 0  207 3 0  184 5 0  192 5 0  184 5 0  187 2 0  184 5 0  
 12  220 3 0  162 7 0  220 3 0  159 4 0  162 4 0  168 4 0  168 4 0  168 4 0  
 13  210 2 0  182 5 0  225 3 0  178 3 0  200 2 0  178 3 0  178 3 0  178 3 0  
 14  318 2 0  288 3 0  318 2 0  257 3 0  269 3 0  257 3 0  257 2 0  257 3 0  
 15  219 4 0  191 6 0  197 4 0  154 4 0  163 4 0  160 4 0  160 4 0  160 4 0  
 16  279 2 0  204 4 0  279 2 0  204 2 0  204 2 0  216 3 0  216 3 0  216 3 0  
 17  271 3 0  174 5 0  217 3 0  174 4 0  185 3 0  174 4 0  174 3 0  174 4 0  
 18  228 4 0  201 4 0  228 4 0  183 4 0  183 4 0  183 4 0  204 3 0  183 4 0  
 19  250 3 0  223 4 0  250 3 0  221 3 0  221 3 0  221 3 0  221 3 0  221 3 0  
 20  215 2 0  232 4 0  258 3 0  206 2 0  206 3 0  206 3 0  206 3 0  206 3 0  
 21  229 2 0  240 4 0  252 3 0  207 3 0  229 2 0  207 3 0  207 3 0  207 3 0  
 22  255 2 0  282 3 0  315 2 0  248 3 0  259 3 0  248 3 0  248 2 0  248 3 0  
 23  278 3 0  205 5 0  278 3 0  205 2 0  215 2 0  205 3 0  205 3 0  205 3 0  
 24  261 2 0  245 3 0  283 2 0  245 2 0  272 3 0  257 3 0  257 2 0  257 3 0  
 25  246 3 0  183 5 0  246 3 0  183 4 0  193 2 0  180 4 0  180 3 0  180 4 0  
 26  202 4 0  172 7 0  202 4 0  171 3 0  172 5 0  172 5 0  172 3 0  172 5 0  
 27  211 2 0  194 4 0  211 2 0  194 3 0  194 3 0  194 3 0  194 3 0  194 3 0  
 28  271 3 0  245 4 0  271 3 0  224 3 0  228 3 0  224 3 0  224 3 0  224 3 0  
 29  318 2 0  246 4 0  318 2 0  223 2 0  241 2 0  223 3 0  223 3 0  223 3 0  
 30  217 3 0  154 6 0  217 3 0  154 4 0  162 3 0  160 4 0  160 4 0  160 4 0  
 31  247 4 0  216 5 0  209 4 0  189 4 0  194 4 0  194 4 0  215 3 0  194 4 0  
 32  219 2 0  209 6 0  245 3 0  206 2 0  211 4 0  208 3 0  208 3 0  208 3 0  
 33  228 2 0  220 5 0  234 2 0  214 3 0  220 3 0  220 3 0  220 3 0  220 3 0  
 34  295 2 0  218 4 0  295 2 0  181 4 0  190 3 0  181 4 0  181 3 0  181 4 0  
 35  298 2 0  209 5 0  298 2 0  177 4 0  188 4 0  177 4 0  177 3 0  177 4 0  
 36  256 3 0  234 4 0  273 3 0  224 2 0  234 3 0  231 4 0  231 2 0  231 4 0  
 37  289 2 0  237 4 0  289 2 0  211 3 0  222 2 0  211 3 0  211 3 0  211 3 0  
 38  204 3 0  199 5 0  204 3 0  199 3 0  217 2 0  207 4 0  207 3 0  207 4 0  
 39  191 3 0  171 4 0  191 3 0  171 4 0  197 3 0  171 4 0  171 3 0  171 4 0  
 40  264 2 0  270 3 0  302 2 0  246 3 0  250 3 0  246 3 0  246 2 0  246 3 0  
 41  267 3 0  243 4 0  267 3 0  243 3 0  251 3 0  243 3 0  243 3 0  243 3 0  
 42  308 2 0  223 8 0  308 2 0  199 2 0  206 2 0  199 2 0  199 2 0  199 2 0  
 43  270 2 0  220 3 0  270 2 0  220 3 0  240 2 0  220 3 0  220 2 0  220 3 0  
 44  284 2 0  200 4 0  284 2 0  200 3 0  216 2 0  200 3 0  200 3 0  200 3 0  
 45  289 2 0  186 5 0  289 2 0  186 3 0  204 2 0  186 3 0  186 3 0  186 3 0  
 46  248 3 0  154 6 0  284 2 0  153 4 0  159 4 0  153 4 0  172 3 0  153 4 0  
 47  241 2 0  229 4 0  241 2 0  229 2 0  237 2 0  229 3 0  229 3 0  229 3 0  
 48  201 3 0  206 5 0  251 3 0  177 4 0  185 4 0  177 4 0  177 3 0  177 4 0  
 49  205 3 0  199 5 0  248 3 0  180 4 0  209 4 0  190 3 0  190 3 0  190 3 0  
 50  286 4 0  245 4 0  286 4 0  245 3 0  262 4 0  252 4 0  284 2 0  252 4 0  
 51  249 3 0  233 5 0  249 3 0  196 4 0  196 4 0  196 4 0  198 3 0  196 4 0  
 52  255 3 0  184 4 0  219 3 0  184 3 0  184 3 0  184 3 0  184 3 0  184 3 0  
 53  254 3 0  211 6 0  254 3 0  166 3 0  192 2 0  166 3 0  166 3 0  166 3 0  
 54  252 3 0  196 5 0  260 3 0  196 3 0  208 3 0  206 4 0  206 3 0  206 4 0  
 55  245 1 0  209 4 0  223 2 0  209 3 0  209 3 0  209 3 0  209 2 0  209 3 0  
 56  237 3 0  237 3 0  261 2 0  215 3 0  231 2 0  215 3 0  215 2 0  215 3 0  
 57  225 3 0  200 5 0  225 3 0  163 3 0  163 3 0  166 3 0  166 3 0  166 3 0  
 58  235 2 0  212 4 0  235 2 0  212 3 0  221 3 0  212 3 0  212 3 0  212 3 0  
 59  238 3 0  151 6 0  246 3 0  151 4 0  151 4 0  151 4 0  155 3 0  151 4 0  
 60  226 4 0  215 4 0  258 3 0  190 3 0  190 4 0  188 4 0  188 3 0  188 4 0  
 61  262 2 0  172 5 0  262 2 0  172 3 0  179 4 0  172 4 0  172 3 0  172 4 0  
 62  276 2 0  245 3 0  276 2 0  220 2 0  230 2 0  220 2 0  220 2 0  220 2 0  
 63  166 4 0  159 5 0  173 4 0  145 4 0  157 4 0  148 5 0  148 3 0  148 5 0  
 64  223 2 0  229 4 0  223 2 0  195 4 0  212 3 0  199 4 0  234 2 0  199 4 0  
 65  224 2 0  208 6 0  297 2 0  198 3 0  198 3 0  198 3 0  198 3 0  198 3 0  
 66  292 2 0  215 5 0  292 2 0  183 4 0  192 2 0  183 4 0  183 3 0  183 4 0  
 67  195 3 0  195 5 0  323 2 0  195 3 0  201 3 0  195 4 0  195 3 0  195 4 0  
 68  160 3 0  159 5 0  237 3 0  159 3 0  164 3 0  156 3 0  156 3 0  156 3 0  
 69  262 3 0  248 5 0  259 3 0  181 3 0  192 3 0  181 3 0  181 3 0  181 3 0  
 70  251 2 0  216 3 0  251 2 0  216 2 0  229 2 0  216 2 0  216 2 0  216 2 0  
 71  324 2 0  224 4 0  324 2 0  224 2 0  251 3 0  224 3 0  224 3 0  224 3 0  
 72  292 2 0  205 4 0  292 2 0  205 3 0  224 3 0  205 3 0  205 3 0  205 3 0  
 73  254 4 0  220 5 0  281 3 0  193 4 0  205 4 0  193 4 0  193 3 0  193 4 0  
 74  178 3 0  176 7 0  178 3 0  175 4 0  180 3 0  176 4 0  177 3 0  176 4 0  
 75  346 2 0  275 4 0  346 2 0  239 2 0  242 2 0  239 3 0  239 3 0  239 3 0  
 76  226 4 0  167 6 0  204 4 0  158 4 0  167 4 0  167 4 0  167 4 0  167 4 0  
 77  260 4 0  209 4 0  244 4 0  209 4 0  209 4 0  209 4 0  215 2 0  209 4 0  
 78  322 2 0  222 7 0  322 2 0  206 4 0  208 4 0  206 4 0  206 3 0  206 4 0  
 79  222 3 0  212 4 0  270 3 0  208 4 0  222 2 0  207 3 0  207 3 0  207 3 0  
 80  167 3 0  192 6 0  235 3 0  155 4 0  179 3 0  155 4 0  155 4 0  155 4 0  
 81  271 3 0  200 7 0  271 3 0  169 4 0  176 5 0  177 4 0  177 3 0  177 4 0  
 82  258 2 0  258 3 0  258 2 0  258 2 0  287 2 0  258 2 0  258 2 0  258 2 0  
 83  229 3 0  213 4 0  260 3 0  213 3 0  213 3 0  213 3 0  213 3 0  213 3 0  
 84  262 2 0  209 3 0  262 2 0  209 3 0  209 3 0  209 3 0  209 2 0  209 3 0  
 85  288 2 0  238 4 0  238 2 0  216 3 0  228 2 0  216 3 0  216 3 0  216 3 0  
 86  225 4 0  186 4 0  240 3 0  186 4 0  186 4 0  186 4 0  186 2 0  186 4 0  
 87  252 2 0  242 2 0  252 2 0  242 2 0  234 2 0  245 2 0  245 2 0  245 2 0  
 88  214 2 0  224 4 0  214 2 0  214 2 0  214 3 0  220 3 0  220 3 0  220 3 0  
 89  186 2 0  191 5 0  186 2 0  172 3 0  174 3 0  173 3 0  173 3 0  173 3 0  
 90  307 2 0  218 4 0  307 2 0  218 3 0  221 3 0  218 3 0  218 3 0  218 3 0  
 91  232 3 0  187 6 0  199 3 0  169 3 0  203 3 0  169 4 0  169 3 0  169 4 0  
 92  212 3 0  200 5 0  233 3 0  200 4 0  212 3 0  200 4 0  200 3 0  200 4 0  
 93  242 3 0  192 4 0  242 3 0  192 4 0  197 3 0  192 4 0  192 2 0  192 4 0  
 94  216 3 0  216 4 0  216 3 0  196 3 0  202 3 0  197 3 0  197 3 0  197 3 0  
 95  305 2 0  224 3 0  305 2 0  224 3 0  241 3 0  231 3 0  231 3 0  231 3 0  
 96  254 4 0  237 5 0  254 4 0  206 4 0  234 4 0  206 4 0  231 3 0  206 4 0  
0
по процессорам: 
    57.92+   100.00+    57.69+    69.68+    66.74+    74.66+    61.09+    74.66+
     0.53%   100.00%     0.00%    28.34%    21.39%    40.11%     8.02%    40.11%
   100.39%   173.33%   100.00%   120.78%   115.69%   129.41%   105.88%   129.41%

       256       442       255       308       295       330       270       330
      2.67      4.60      2.66      3.21      3.07      3.44      2.81      3.44

по времени: 
    97.62+    83.23+   100.00+    77.95+    81.88+    78.63+    79.39+    78.63+
    89.21%    23.95%   100.00%     0.00%    17.82%     3.10%     6.52%     3.10%
   125.24%   106.77%   128.29%   100.00%   105.04%   100.88%   101.84%   100.88%

     23846     20331     24427     19041     20001     19208     19392     19208
    248.40    211.78    254.45    198.34    208.34    200.08    202.00    200.08
